Current Temperature \t Average Temperature30.914 
30.914 
31.402 
30.914 
30.426 
29.937 
29.449 
29.449 
28.961 
28.473 
27.984 
27.984 
27.984 
27.984 
27.984 
27.496 
27.496 
27.008 
27.008 
27.008 
27.984 
28.473 
28.961 
29.449 
30.426 
30.914 
30.914 
30.914 
30.426 
29.937 
29.449 
29.937 
30.914 
31.402 
31.891 
31.402 
30.914 
30.914 
29.937 
29.937 
29.937 
28.961 
28.961 
28.961 
28.473 
28.473 
29.449 
29.937 
30.914 
30.914 
30.426 
29.937 
29.449 
29.449 
28.961 
28.961 
28.473 
28.473 
27.984 
27.984 
27.496 
27.496 
27.008 
27.008 
27.008 
27.008 
27.008 
27.008 
27.008 
26.520 
25.055 
25.543 
26.520 
27.008 
26.520 
26.031 
26.031 
26.031 
