0.000	0.466	1.000
0.049	-0.480	0.999
0.098	0.783	0.995
0.147	0.810	0.989
0.195	0.286	0.981
0.243	0.294	0.970
0.290	-0.456	0.957
0.337	-0.580	0.942
0.383	-0.906	0.924
0.428	-0.844	0.904
0.471	-0.663	0.882
0.514	0.428	0.858
0.556	-0.830	0.831
0.596	0.862	0.803
0.634	0.257	0.773
0.672	0.202	0.741
0.707	0.530	0.707
0.741	0.481	0.672
0.773	0.446	0.634
0.803	-0.367	0.596
0.831	-0.087	0.556
0.858	-0.565	0.514
0.882	0.363	0.471
0.904	0.910	0.428
0.924	0.052	0.383
0.942	-0.259	0.337
0.957	-0.332	0.290
0.970	-0.829	0.243
0.981	-0.909	0.195
0.989	-0.199	0.147
0.995	-0.544	0.098
0.999	-0.243	0.049
1.000	0.950	0.000
0.999	-0.897	-0.049
0.995	-0.239	-0.098
0.989	0.263	-0.147
0.981	-0.411	-0.195
0.970	-0.032	-0.243
0.957	0.311	-0.290
0.942	0.334	-0.337
0.924	-0.086	-0.383
0.904	-0.835	-0.428
0.882	-0.574	-0.471
0.858	-0.387	-0.514
0.831	-0.930	-0.556
0.803	0.643	-0.596
0.773	0.322	-0.634
0.741	-0.764	-0.672
0.707	-0.204	-0.707
0.672	0.217	-0.741
0.634	0.798	-0.773
0.596	0.250	-0.803
0.556	-0.290	-0.831
0.514	-0.815	-0.858
0.471	-0.492	-0.882
0.428	-0.109	-0.904
0.383	-0.973	-0.924
0.337	0.853	-0.942
0.290	-0.187	-0.957
0.243	-0.004	-0.970
0.195	-0.274	-0.981
0.147	0.904	-0.989
0.098	-0.442	-0.995
0.049	0.300	-0.999
0.000	0.989	-1.000
-0.049	-0.789	-0.999
-0.098	-0.974	-0.995
-0.147	-0.989	-0.989
-0.195	-0.346	-0.981
-0.243	0.469	-0.970
-0.290	-0.080	-0.957
-0.337	0.130	-0.942
-0.383	-0.070	-0.924
-0.428	-0.542	-0.904
-0.471	0.776	-0.882
-0.514	0.073	-0.858
-0.556	0.210	-0.831
-0.596	0.058	-0.803
-0.634	-0.939	-0.773
-0.672	0.705	-0.741
-0.707	0.798	-0.707
-0.741	0.410	-0.672
-0.773	0.086	-0.634
-0.803	-0.125	-0.596
-0.831	-0.617	-0.556
-0.858	-0.839	-0.514
-0.882	0.965	-0.471
-0.904	0.266	-0.428
-0.924	0.658	-0.383
-0.942	-0.291	-0.337
-0.957	0.737	-0.290
-0.970	0.631	-0.243
-0.981	-0.326	-0.195
-0.989	0.498	-0.147
-0.995	0.042	-0.098
-0.999	0.587	-0.049
-1.000	-0.861	0.000
-0.999	-0.347	0.049
-0.995	-0.951	0.098
-0.989	0.707	0.147
-0.981	-0.083	0.195
-0.970	0.924	0.243
-0.957	-0.220	0.290
-0.942	-0.855	0.337
-0.924	0.432	0.383
-0.904	-0.648	0.428
-0.882	-0.565	0.471
-0.858	-0.554	0.514
-0.831	0.489	0.556
-0.803	0.408	0.596
-0.773	0.691	0.634
-0.741	-0.538	0.672
-0.707	0.888	0.707
-0.672	-0.336	0.741
-0.634	-0.644	0.773
-0.596	-0.719	0.803
-0.556	0.688	0.831
-0.514	0.554	0.858
-0.471	-0.339	0.882
-0.428	-0.281	0.904
-0.383	-0.387	0.924
-0.337	0.902	0.942
-0.290	0.739	0.957
-0.243	-0.045	0.970
-0.195	0.071	0.981
-0.147	-0.430	0.989
-0.098	-0.405	0.995
-0.049	-0.507	0.999
